Quantiles

0.7500 
0.7625 
0.7750 
0.7875 
0.8000 
0.8125 
0.8250
0.8375 
0.8500 
0.8625 
0.8750 
0.8875 
0.9000 
0.9125 
0.9250 
0.9375 
0.9500 
0.9625 
0.9750 
0.9875
1.0000

train_ambigs
0  0   0   0   0   0   0   0   0   0   0   0   0   0 110 409 588 627 640 640 640

train_nulls
7  7  8  9 10 11 11 13 13 18 21 30 30 41  0  0  0  0  0  0  0


0.9125 Quantile
Test Set
test_null = 0
test_ambig = 26

Put this in a table with the Training Data results




########## Class v Total Coverage ####################

alphas = 0.050 0.075 0.100 0.125 0.150 0.175 0.200 0.225 0.250
train = 400
0.9 quantile var thold

I1/I2 split is 50/50


alphas = [1] 0.0500 0.0625 0.0750 0.0875 0.1000 0.1125 0.1250 0.1375 0.1500 0.1625 0.1750 0.1875 0.2000 0.2125 0.2250 0.2375 0.2500

total_coverage
          [,1] [,2]      [,3]      [,4]      [,5]
 [1,] 1.0000000  1.0 0.9871795 0.9714286 1.0000000
 [2,] 1.0000000  1.0 0.9871795 0.9285714 1.0000000
 [3,] 1.0000000  1.0 0.9871795 0.9000000 1.0000000
 [4,] 1.0000000  1.0 0.9871795 0.9000000 1.0000000
 [5,] 1.0000000  1.0 0.9871795 0.8571429 0.9866667
 [6,] 1.0000000  1.0 0.9615385 0.8142857 0.9866667
 [7,] 1.0000000  1.0 0.9615385 0.8142857 0.9866667
 [8,] 0.9927536  0.9 0.9230769 0.6428571 0.9733333
 [9,] 0.9927536  0.9 0.9230769 0.6428571 0.9733333
[10,] 0.9927536  0.9 0.9230769 0.6428571 0.9733333
[11,] 0.9927536  0.9 0.9230769 0.6428571 0.9733333
[12,] 0.9927536  0.9 0.9230769 0.6428571 0.9733333
[13,] 0.9927536  0.9 0.9230769 0.6428571 0.9733333
[14,] 0.9927536  0.9 0.9230769 0.6428571 0.9733333
[15,] 0.9927536  0.9 0.9230769 0.6428571 0.9733333
[16,] 0.9927536  0.9 0.9230769 0.6428571 0.9733333
[17,] 0.9927536  0.9 0.9230769 0.6428571 0.9733333


class_condl_coverage
          [,1] [,2]      [,3]      [,4]      [,5]
 [1,] 0.9927536  1.0 1.0000000 1.0000000 1.0000000
 [2,] 0.9927536  1.0 1.0000000 1.0000000 1.0000000
 [3,] 0.9927536  1.0 1.0000000 1.0000000 1.0000000
 [4,] 0.9927536  0.9 0.9871795 1.0000000 0.9866667
 [5,] 0.9927536  0.9 0.9871795 1.0000000 0.9866667
 [6,] 0.9927536  0.9 0.9230769 1.0000000 0.9866667
 [7,] 0.9927536  0.9 0.9230769 1.0000000 0.9733333
 [8,] 0.9927536  0.9 0.9230769 1.0000000 0.9733333
 [9,] 0.9927536  0.9 0.9230769 1.0000000 0.9733333
[10,] 0.9927536  0.9 0.9230769 1.0000000 0.9733333
[11,] 0.9927536  0.9 0.9230769 0.9857143 0.9733333
[12,] 0.9927536  0.9 0.9230769 0.9857143 0.9733333
[13,] 0.9927536  0.9 0.9230769 0.9714286 0.9733333
[14,] 0.9927536  0.9 0.9230769 0.9714286 0.9733333
[15,] 0.9927536  0.9 0.9230769 0.9285714 0.9733333
[16,] 0.9927536  0.9 0.9230769 0.9285714 0.9733333
[17,] 0.9927536  0.9 0.9230769 0.9285714 0.9733333

total_ambigs = [1] 9 2 0 0 0 0 0 0 0 0 0 0 0 0 0 0 0
class_ambigs = 401 401 401   0   0   0   0   0   0   0   0   0   0   0   0   0   0

total_nulls = 0  0  2  2  9 15 16 37 37 37 37 37 37 37 37 37 37
class_nulls = 0  0  0  5  5 11 12 12 12 12 13 13 14 14 17 17 17


### old old data
total_ambigs = 143 110  80  41  41  14  14   0   0   0   0   0   0   0   0   0   0
class_ambigs =  401 401 401 401 401 304 304 303   0   0   0   0   0   0   0   0   0

total_nulls = 0   0   0   0   0   0   0  15  15  15  44  44  44  82  82  82 114
class_nulls = 0  0  0  0  0  0  0  0 16 25 34 34 46 53 57 57 59

## old data
total coverage 
          [,1] [,2]      [,3]      [,4]      [,5]
 [1,] 1.0000000  1.0 0.9871795 0.9714286 1.0000000
 [2,] 1.0000000  1.0 0.9871795 0.9000000 1.0000000
 [3,] 1.0000000  1.0 0.9871795 0.8571429 0.9866667
 [4,] 1.0000000  1.0 0.9615385 0.8142857 0.9866667
 [5,] 0.9927536  0.9 0.9230769 0.6428571 0.9733333
 [6,] 0.9927536  0.9 0.9230769 0.6428571 0.9733333
 [7,] 0.9927536  0.9 0.9230769 0.6428571 0.9733333
 [8,] 0.9927536  0.9 0.9230769 0.6428571 0.9733333
 [9,] 0.9927536  0.9 0.9230769 0.6428571 0.9733333

class_condl_coverage
          [,1] [,2]      [,3]      [,4]      [,5]
 [1,] 0.9927536  1.0 1.0000000 1.0000000 1.0000000
 [2,] 0.9927536  1.0 1.0000000 1.0000000 1.0000000
 [3,] 0.9927536  0.9 0.9871795 1.0000000 0.9866667
 [4,] 0.9927536  0.9 0.9230769 1.0000000 0.9733333
 [5,] 0.9927536  0.9 0.9230769 1.0000000 0.9733333
 [6,] 0.9927536  0.9 0.9230769 0.9857143 0.9733333
 [7,] 0.9927536  0.9 0.9230769 0.9714286 0.9733333
 [8,] 0.9927536  0.9 0.9230769 0.9285714 0.9733333
 [9,] 0.9927536  0.9 0.9230769 0.9285714 0.9733333

total_ambigs = 9 0   0   0   0   0   0   0   0
class_ambigs = 401 401   0   0   0   0   0   0   0

total_nulls = 0  2  9 16 37 37 37 37 37
class_nulls =  0  0  5 12 12 13 14 17 17 


